V1 = 1.05 + 0i;
V2 = 1 + 0i;
V3 = 1 + 0i;

P2 = -2.566; Q2 = -1.102;
P3 = -1.386; Q3 = -0.452;

y12 = 1/(0.02 + 0.04i);
y13 = 1/(0.01 + 0.03i);
y23 = 1/(0.0125 + 0.025i);