V1 = 1 + 0i;
V2 = 1 + 0i;
V3 = 1 + 0i;
V4 = 1.02 + 0i;

V4_gen = 1.02;

P2 = -1.7; Q2 = -1.0535;
P3 = -2.0; Q3 = -1.2394;
P4 = (318 - 80) / 100;

Q4 = 0;

y12 = 1/(0.010080 + 0.050400i);
y13 = 1/(0.007440 + 0.037200i);
y24 = 1/(0.007440 + 0.037200i);
y34 = 1/(0.012720 + 0.063600i);